"0","ggsave(""plot/grprmsebar.pdf"")"
"2","Saving 5.72 x 3.53 in image
"
